name	sampling_fn	replace	N	seed	time	rare	max_min_dist	spectral_nmi	spectral_bnmi	louvain_ami	louvain_bami	louvain_n_clusters
zeisel	uniform	False	9305	10	0	67	0.8097258310299099	0.5177731515060839	0.548383823112052	0.591710236229236	0.6567242690955382	35
zeisel	uniform	False	9305	11	0	49	0.8108479540274599	0.5136181854712104	0.5359491134663188	0.6250181665242247	0.673229875823079	34
zeisel	uniform	False	9305	12	0	60	0.7321664609114188	0.5184239335197426	0.5654125536990418	0.6224685736575538	0.6637595438499332	32
zeisel	uniform	False	9305	13	0	59	0.7869075270622893	0.5173299121762839	0.5647802114769735	0.6163976547764891	0.683686439124553	34
zeisel	uniform	False	18611	10	0	125	0.7466614175171878	0.5173706537712129	0.5518075975173353	0.5897595171082594	0.6824243685606466	37
zeisel	uniform	False	18611	11	0	116	0.8108479540274599	0.5110753409343978	0.5607579309072822	0.610313073132477	0.6903725781956953	40
zeisel	uniform	False	18611	12	0	116	0.7000059123504652	0.5136188120624025	0.5550708996672409	0.6063625144339191	0.6977461268226585	40
zeisel	uniform	False	18611	13	0	100	0.7343674857201035	0.518641865824347	0.5534956149480218	0.6050242520142395	0.6876641881393041	39
zeisel	uniform	False	27916	10	0.013288021087646484	197	0.7002461012187033	0.5140460860959758	0.5475131163964272	0.6013949497218647	0.6980774779459026	45
zeisel	uniform	False	27916	11	0.014258861541748047	166	0.7570406679820314	0.5092587134744355	0.5587970219491024	0.6159562180712685	0.7052494902612659	43
zeisel	uniform	False	27916	12	0.013351678848266602	178	0.693523441776888	0.512946464819826	0.5552797750387294	0.6170573062268416	0.7098369264128355	44
zeisel	uniform	False	27916	13	0.012977123260498047	150	0.7333334452815126	0.5172977351188063	0.5637704928957711	0.5901631695809606	0.688649667333706	44
zeisel	uniform	False	37222	10	0.012248039245605469	255	0.6777515408467769	0.5116676626013678	0.5434749431666274	0.6021706509254514	0.7193986545314203	46
zeisel	uniform	False	37222	11	0.017302751541137695	224	0.7570406679820314	0.5157514508726112	0.5561011265322523	0.6019218898426956	0.696616968460553	48
zeisel	uniform	False	37222	12	0.01157379150390625	227	0.6723358510825761	0.5131107138811332	0.5548716141194908	0.6135471219516268	0.7041645228666045	46
zeisel	uniform	False	37222	13	0.014948606491088867	201	0.7282632743614609	0.5152305752526111	0.5573486068654517	0.6067283456199792	0.69276821444126	44
zeisel	uniform	False	46528	10	0.014939069747924805	304	0.6777515408467769	0.5077273231419698	0.5538601221988154	0.613232767320696	0.706897269264733	48
zeisel	uniform	False	46528	11	0.01472163200378418	269	0.7466614175171878	0.5150841026401436	0.5587871367574997	0.6213162204180362	0.7078906395840957	49
zeisel	uniform	False	46528	12	0.016683578491210938	292	0.6723358510825761	0.5094217395391202	0.5547087492266978	0.5886527032256839	0.7001158260391742	48
zeisel	uniform	False	46528	13	0.01844048500061035	255	0.7282632743614609	0.5138920193720528	0.5562817110532053	0.5897947639296314	0.6900792897008329	49
zeisel	gs_gap	False	9305	10	0	611	0.7701774425108909	0.4868444781657909	0.49641803782315497	0.7044784246344433	0.7026761030360948	42
zeisel	gs_gap	False	9305	11	0	603	0.765938618620611	0.4864959476035882	0.4917636456026117	0.6178767333792963	0.6520005673705631	42
zeisel	gs_gap	False	9305	12	0	601	0.7234988152280754	0.49418370309606724	0.4836951986752083	0.7014026630115104	0.7091130894826448	41
zeisel	gs_gap	False	9305	13	0	602	0.8336650321668304	0.5173140240603222	0.47318525437076453	0.6952470599256503	0.7079930956999808	43
zeisel	gs_gap	False	18611	10	0	1092	0.7574677504988632	0.4914293669755198	0.5167749333480657	0.6965840508018639	0.7268662064435035	46
zeisel	gs_gap	False	18611	11	0	1075	0.7484618881442041	0.4873562192045409	0.5161468299320137	0.7063752646896603	0.727180711386043	47
zeisel	gs_gap	False	18611	12	0	1082	0.7132503283510189	0.6507778103713613	0.6584517901684379	0.7355755056973916	0.736420727393495	43
zeisel	gs_gap	False	18611	13	0	1080	0.71025969246962	0.4946027045272049	0.5218577209231988	0.7277446189473944	0.7295862199333031	42
zeisel	gs_gap	False	27916	10	261.54484939575195	1520	0.6879285547421722	0.4925316929737775	0.5266174790529304	0.6990518016972259	0.7293210202014464	48
zeisel	gs_gap	False	27916	11	259.0777142047882	1520	0.688191078979504	0.48807119345330263	0.5238303656950973	0.697579503602041	0.7346683088802698	49
zeisel	gs_gap	False	27916	12	224.06435799598694	1519	0.6879285547421722	0.4922979430221301	0.527149955349331	0.7212145064214389	0.7319683524297955	48
zeisel	gs_gap	False	27916	13	242.48864078521729	1514	0.71025969246962	0.49474336693583265	0.5289287799664836	0.6856348452763115	0.725950739338497	48
zeisel	gs_gap	False	37222	10	253.41495656967163	1670	0.680810358049042	0.4949652776828726	0.5348928887426978	0.6999450946383033	0.7306653408175657	53
zeisel	gs_gap	False	37222	11	348.7444703578949	1659	0.680810358049042	0.49542870913309484	0.5360979435435649	0.6557191238327902	0.7209975157356842	53
zeisel	gs_gap	False	37222	12	202.3331036567688	1662	0.6408988654101428	0.49311309297928674	0.5328812536071484	0.710114965411171	0.7411367301703156	53
zeisel	gs_gap	False	37222	13	254.52463507652283	1656	0.680810358049042	0.49630236427591584	0.5371892802737416	0.7045216514093628	0.7374669593083901	50
zeisel	gs_gap	False	46528	10	288.5533940792084	1686	0.680810358049042	0.484404378911304	0.5075640728968095	0.7027441483044007	0.734474386116494	51
zeisel	gs_gap	False	46528	11	280.3407120704651	1691	0.680810358049042	0.486648766256715	0.5101658623955542	0.687987590668092	0.7371129367590344	51
zeisel	gs_gap	False	46528	12	270.58254408836365	1687	0.6408988654101428	0.48379729385910286	0.5058693018401512	0.6444448674371571	0.7144022459527593	54
zeisel	gs_gap	False	46528	13	204.79470443725586	1678	0.6511507710475934	0.4854612735167425	0.5066770071876564	0.643158962168191	0.7247281846444595	54
zeisel	gs_gap_N	False	9305	10	278.8387842178345	588	0.6380358578545998	0.5315407803396615	0.5273151052002594	0.690006412789193	0.6918040772796465	38
zeisel	gs_gap_N	False	9305	11	266.86581683158875	607	0.6499049244492892	0.5274282650599363	0.5226758265752156	0.6960208625689629	0.7201346647983543	41
zeisel	gs_gap_N	False	9305	12	291.28189301490784	613	0.6442572607123547	0.542236735254444	0.5233939538615477	0.6546308013369022	0.6941858072511771	40
zeisel	gs_gap_N	False	9305	13	280.0923480987549	616	0.6422166106516425	0.5364701921093833	0.5255041163997014	0.7077779494459431	0.713544736774235	37
zeisel	gs_gap_N	False	18611	10	256.9353733062744	778	0.5927635940538366	0.5070196797772668	0.5061356764993478	0.7054352630014186	0.733460357197467	44
zeisel	gs_gap_N	False	18611	11	259.1441011428833	776	0.5927635940538366	0.49498960839819495	0.48160916715688995	0.7023840188509064	0.7373887333858252	45
zeisel	gs_gap_N	False	18611	12	282.85582971572876	784	0.5620772776277694	0.48648090605971483	0.4906003440436983	0.6616328346209093	0.7183365851297436	45
zeisel	gs_gap_N	False	18611	13	270.12493348121643	780	0.5690912981668587	0.5014356982426895	0.48356548024761825	0.7095641410376835	0.7342188083932587	47
zeisel	gs_gap_N	False	27916	10	300.81746554374695	733	0.5188560504471477	0.4976287542098681	0.47283697627624155	0.7143701503967841	0.7502359959840145	47
zeisel	gs_gap_N	False	27916	11	302.31316232681274	739	0.5574867165835421	0.4833610597451617	0.4741182131631466	0.709289694185643	0.7533670015241798	46
zeisel	gs_gap_N	False	27916	12	302.1263003349304	738	0.5574867165835421	0.4920546710118145	0.4657758618778994	0.7121091476653392	0.7404728707447866	48
zeisel	gs_gap_N	False	27916	13	304.71727418899536	736	0.5279865805454609	0.47976694659065217	0.4651362483522311	0.7220184609675144	0.7535109028626795	49
zeisel	gs_gap_N	False	37222	10	336.1442201137543	711	0.4978560983816942	0.4990359589567874	0.48983705336077954	0.7233501065373393	0.7561126557085182	50
zeisel	gs_gap_N	False	37222	11	335.2660789489746	705	0.5057573080332887	0.5093199686178266	0.4891171701491226	0.7175080182209936	0.7498017227352901	47
zeisel	gs_gap_N	False	37222	12	333.7915632724762	712	0.5089363474119665	0.49739499547568927	0.4869281375998257	0.7237682981828115	0.7584692356154187	46
zeisel	gs_gap_N	False	37222	13	338.6722569465637	712	0.5175796301708552	0.5066114892583652	0.48670431289959115	0.7250305185872585	0.7625984913099729	49
zeisel	gs_gap_N	False	46528	10	307.1421375274658	741	0.4816487470510343	0.49333088050962237	0.48465718331482277	0.7295958690700983	0.758873556285828	51
zeisel	gs_gap_N	False	46528	11	307.02720880508423	733	0.5410245470190568	0.48679574363371775	0.48105504939101923	0.7040174251476929	0.7470257756686945	53
zeisel	gs_gap_N	False	46528	12	312.44743633270264	743	0.4939346916570063	0.4911547561894117	0.483673760657072	0.7049396626097986	0.753127209334064	50
zeisel	gs_gap_N	False	46528	13	310.3547842502594	744	0.5048378393786915	0.4919622908335958	0.483460558047091	0.6802196024201081	0.7354841070128085	51
zeisel	srs	False	9305	10	0	292	0.6523099886439792	0.5555115071247937	0.5274960286084073	0.6877722909436726	0.7340376459116326	37
zeisel	srs	False	9305	11	0	314	0.668249240983745	0.5566234977369071	0.5513806645647099	0.6966055339451948	0.7251117652358042	38
zeisel	srs	False	9305	12	0	302	0.6247978422839661	0.5522383162524604	0.5423666866066912	0.6761541330154894	0.7379526807421011	36
zeisel	srs	False	9305	13	0	298	0.6605631040319692	0.5536015605978419	0.5441894904470929	0.7058601951625141	0.7275131492636817	37
zeisel	srs	False	18611	10	0	608	0.6187379955240817	0.5562237175807929	0.5303981952578116	0.7011126598012276	0.7511362649875362	39
zeisel	srs	False	18611	11	0	610	0.5883787975739719	0.5513528272921506	0.5327256413507679	0.6840348276431307	0.718494808742284	41
zeisel	srs	False	18611	12	0	593	0.5814797752054705	0.5387957854097326	0.5202918876845363	0.6931206419618826	0.7443056846047846	41
zeisel	srs	False	18611	13	0	606	0.6206798931307881	0.5419289296975947	0.534712613918036	0.6739154716016704	0.7269626029563196	39
zeisel	srs	False	27916	10	0	900	0.5517091333206101	0.5568090490067134	0.5288524317069802	0.6986231530684998	0.7346859438495716	45
zeisel	srs	False	27916	11	0	919	0.5800516897258615	0.5742673002843622	0.5493362846518164	0.6961825760622459	0.7453917596514426	44
zeisel	srs	False	27916	12	0	899	0.5492625196390173	0.5561897504997219	0.5312253539993645	0.7005695181112432	0.7348526275704333	47
zeisel	srs	False	27916	13	0	892	0.5560288821593392	0.5487419576696033	0.5347665248653869	0.701496818878105	0.7448678479241516	46
zeisel	srs	False	37222	10	0	1182	0.5517091333206101	0.5512562488459808	0.5249366115190299	0.7038254723483011	0.7481861639200849	46
zeisel	srs	False	37222	11	0	1191	0.5464939589534588	0.5568943955681261	0.5313134151829799	0.6983056802317221	0.750447808398127	53
zeisel	srs	False	37222	12	0	1182	0.5372868335362722	0.5541356157059145	0.5259953024255266	0.7016167386466284	0.7419510332840559	48
zeisel	srs	False	37222	13	0	1168	0.5192976947451423	0.5559248586943621	0.5324952479970025	0.6876612808430893	0.7395188924068737	45
zeisel	srs	False	46528	10	0	1459	0.5468877132223074	0.5510101106125497	0.5229438877758175	0.7053201623613397	0.7548295367308817	50
zeisel	srs	False	46528	11	0	1456	0.5410240580870606	0.5565379087192069	0.5284246166850505	0.6998415154044504	0.7551756987915634	50
zeisel	srs	False	46528	12	10349.327078342438	1457	0.5372868335362722	0.5542046621517264	0.5271011624463929	0.7011721145698526	0.7466898952132875	48
zeisel	srs	False	46528	13	9641.82513141632	1437	0.4978560983816942	0.5542610367256291	0.5270442589846234	0.694077127477394	0.7473419193644789	48
zeisel	kmeans++	False	9305	10	0	111	0.6707566273923057	0.5265801419058458	0.5239789581873738	0.6998116414484951	0.7186510103068066	30
zeisel	kmeans++	False	9305	11	0	133	0.6669869012411835	0.5268014025895998	0.528898156402083	0.6950074946232687	0.7111618889369054	30
zeisel	kmeans++	False	9305	12	0	132	0.6841009868634891	0.531984560478002	0.5257130440460697	0.7079193903533848	0.7443656631024442	34
zeisel	kmeans++	False	9305	13	0	128	0.6890248787857045	0.5227983943656147	0.5298014862130166	0.704697729486485	0.7314452304984952	34
zeisel	kmeans++	False	18611	10	0	221	0.6939324717330646	0.5188039650591033	0.5178527857795615	0.7046065138671942	0.7357595010214071	36
zeisel	kmeans++	False	18611	11	0	230	0.6403527054905365	0.5269861573976027	0.5276184452156601	0.6982462656378511	0.7284606336025315	37
zeisel	kmeans++	False	18611	12	0	226	0.6594936701422102	0.5247417496597921	0.5279502884860785	0.698346829825652	0.7342702426317977	38
zeisel	kmeans++	False	18611	13	0	250	0.639499959155741	0.5256987418565131	0.5261166287855323	0.6882549260472445	0.7299520262912074	35
zeisel	kmeans++	False	27916	10	0	338	0.6186859038336215	0.5211599855466824	0.5223795970197705	0.6777639298367043	0.7339687982164541	41
zeisel	kmeans++	False	27916	11	0	346	0.5963951448656114	0.5240898903381465	0.524419078387641	0.6950202229758279	0.750301654194018	40
zeisel	kmeans++	False	27916	12	0	381	0.6115988619789419	0.5220172343916455	0.5298782998716269	0.6794123818720792	0.7187591694603498	38
zeisel	kmeans++	False	27916	13	0	353	0.6204999289338938	0.5286244239145468	0.5333010834979703	0.696270742523834	0.7291043495629574	36
zeisel	kmeans++	False	37222	10	0	430	0.6099681153877766	0.5276229505780823	0.5124583130046533	0.6708761183797922	0.7316835689361388	40
zeisel	kmeans++	False	37222	11	0	467	0.600013458885543	0.5253139755669578	0.5240993807672781	0.6931549772025596	0.7364085627461979	39
zeisel	kmeans++	False	37222	12	0	451	0.6330667510042476	0.5221738426932311	0.5291772867550656	0.6977769325894793	0.737689142304681	40
zeisel	kmeans++	False	37222	13	0	423	0.5976339910063483	0.5227942294983389	0.5256842414290813	0.690375470078516	0.7422563304861322	41
zeisel	kmeans++	False	46528	10	0	543	0.5915559402398286	0.5227753906153391	0.5228990530255135	0.6921743651106123	0.7330070362884892	43
zeisel	kmeans++	False	46528	11	0	533	0.6109061549155281	0.52261964373887	0.5321928733959586	0.6771717395644082	0.7342429043390603	44
zeisel	kmeans++	False	46528	12	0	538	0.5590539934368774	0.5244640154831883	0.528380529914946	0.6915296608237154	0.7489880793190372	41
zeisel	kmeans++	False	46528	13	0	570	0.5726016004083089	0.5200921055011032	0.5294741395864038	0.6872003372360941	0.7328027470740073	46
